0 0.19237500000000002 0.026109375 0.15978125 0.0404375
0 0.41032812500000004 0.024984375 0.0626875 0.049421875
0 0.704125 0.030453124999999998 0.41746875 0.04071875
0 0.141328125 0.089515625 0.11378124999999999 0.032609375
0 0.780578125 0.086015625 0.21970312500000003 0.039625
0 0.198265625 0.173828125 0.177171875 0.0974375
0 0.7581249999999999 0.207359375 0.2758125 0.15609375
0 0.48498437499999997 0.355140625 0.822890625 0.082859375
0 0.26240625 0.43146874999999996 0.379484375 0.050390625
0 0.48454687500000004 0.49165625 0.8237656250000001 0.05721875
0 0.481046875 0.579328125 0.6560625 0.01278125
0 0.11270312499999999 0.5716249999999999 0.11628125 0.060781249999999995
0 0.18682812499999998 0.61565625 0.17625 0.01075
0 0.519328125 0.61871875 0.193859375 0.019140625
0 0.71025 0.609546875 0.07996875 0.03021875
0 0.8538593750000001 0.6093124999999999 0.11140625 0.02525
0 0.47573437500000004 0.64453125 0.625046875 0.03453125
0 0.38542187499999997 0.7005625 0.621 0.06737499999999999
0 0.2641875 0.777328125 0.409015625 0.08084375
0 0.39134375 0.849484375 0.637671875 0.031671875
0 0.46104687499999997 0.8796875 0.315515625 0.01978125
0 0.756515625 0.8000624999999999 0.23737499999999997 0.044703124999999996
0 0.09718750000000001 0.9003125000000001 0.1053125 0.058734375000000005
0 0.775625 0.715421875 0.24762499999999998 0.094578125
0 0.779015625 0.8731562500000001 0.1588125 0.025374999999999998