0 0.21007812499999998 0.851359375 0.319359375 0.055640625
0 0.20520312500000001 0.908328125 0.285578125 0.0424375
0 0.49320312499999996 0.082390625 0.32209374999999996 0.046796875
0 0.50325 0.1281875 0.153171875 0.035328125
0 0.1636875 0.19775 0.20253125 0.102265625
0 0.40532812500000004 0.19803125 0.21160937500000002 0.09253125
0 0.771484375 0.206625 0.301375 0.09596875
0 0.8098593749999999 0.531234375 0.240671875 0.099203125
0 0.507765625 0.31710937499999997 0.842578125 0.10392187500000001
0 0.77921875 0.41015625 0.272171875 0.05290625
0 0.502609375 0.459109375 0.82540625 0.030546875