0 0.50209375 0.42153124999999997 0.797921875 0.09664062500000001
0 0.5018906249999999 0.082640625 0.177 0.034921875000000005
0 0.49809374999999995 0.149625 0.22743750000000001 0.07959374999999999
0 0.17759375 0.26973437499999997 0.13999999999999999 0.09659375
0 0.40657812499999996 0.275078125 0.1605 0.089453125
0 0.666296875 0.253375 0.1025 0.0448125
0 0.667953125 0.30171875 0.10059375 0.038734375
0 0.8512656249999999 0.302421875 0.089234375 0.040125
0 0.83159375 0.2509375 0.13 0.04690625
0 0.74475 0.53596875 0.31239062500000003 0.09714062500000001
0 0.78184375 0.65284375 0.24006249999999998 0.1053125
0 0.49856249999999996 0.844875 0.23565624999999998 0.04421875
0 0.50090625 0.9079218750000001 0.24034375 0.057125