0 0.5096751900483759 0.2626953125 0.8576364892881825 0.0966796875
0 0.8479612992398065 0.162841796875 0.19765031098825156 0.09130859375
0 0.16344160331720803 0.05126953125 0.18313752591568763 0.0224609375
0 0.15134761575673808 0.13671875 0.15065653075328264 0.025390625
0 0.15100207325501036 0.078857421875 0.15411195577055978 0.02294921875
0 0.30856945404284725 0.36865234375 0.4692467173462336 0.0654296875
0 0.2588113337940567 0.44189453125 0.3697304768486524 0.05078125
0 0.1579129232895646 0.94580078125 0.19419488597097442 0.0712890625
0 0.7778161713890809 0.9453125 0.253628196268141 0.0322265625
0 0.4917069799585349 0.58203125 0.8299930891499654 0.1044921875
0 0.7843814789219073 0.719482421875 0.25017277125086385 0.05419921875
0 0.48203178991015894 0.792236328125 0.8396682791983414 0.04052734375