0 0.5013821700069109 0.084228515625 0.5590877677954388 0.09814453125
0 0.40981340704906705 0.154052734375 0.25846579129232894 0.02880859375
0 0.6496199032480995 0.154541015625 0.15618521078092606 0.02783203125
0 0.2156185210780926 0.2763671875 0.1216309606081548 0.021484375
0 0.23289564616447822 0.297119140625 0.16724257083621286 0.01513671875
0 0.2705597788527989 0.2763671875 0.006219765031098825 0.00390625
0 0.28541810642709053 0.330078125 0.26675881133379403 0.0400390625
0 0.7138908085694541 0.291748046875 0.2709053213545266 0.07080078125
0 0.7404975812024879 0.39306640625 0.23565998617829992 0.11328125
0 0.4941257774706289 0.61669921875 0.7353144436765722 0.1455078125
0 0.7674498963372495 0.745849609375 0.19281271596406357 0.08642578125
0 0.4854872149274361 0.875244140625 0.6655148583275743 0.03759765625