0 0.7579013906447535 0.07303370786516854 0.40707964601769914 0.0893991206643869
0 0.10082174462705436 0.07254518808011724 0.13716814159292035 0.09526135808500244
0 0.15644753476611883 0.1663409868099658 0.2774968394437421 0.06497313141182218
0 0.4911504424778761 0.1709819247679531 0.23135271807838179 0.06741573033707865
0 0.8577749683944375 0.17318026380068394 0.23135271807838179 0.06399609184171959
0 0.6592920353982301 0.5429897410845139 0.5878634639696586 0.31998045920859797
0 0.17446270543615677 0.2950659501709819 0.3185840707964602 0.14851001465559355
0 0.5297092288242731 0.29262335124572547 0.3324905183312263 0.13678553981436248
0 0.5483565107458913 0.7982413287738154 0.3836915297092288 0.16511968734733756
0 0.8514538558786346 0.7906692721055203 0.19469026548672566 0.14215925744992672
0 0.393173198482933 0.9472398632144602 0.6902654867256637 0.06643869076697606
0 0.3606194690265487 0.7191011235955056 0.0031605562579013905 0.01074743527112848