0 0.8053097345132744 0.08744504152418173 0.33375474083438683 0.06448461162677088
0 0.809102402022756 0.1404494382022472 0.32616940581542353 0.03175378602833415
0 0.7003792667509482 0.3859306301905227 0.5562579013906448 0.19540791402051783
0 0.13558786346396967 0.12359550561797752 0.2307206068268015 0.17684416218856863
0 0.18836915297092288 0.3285295554469956 0.3413400758533502 0.16756228627259404
0 0.2013274336283186 0.5219833903273082 0.3533501896333755 0.17342452369320957
0 0.11567635903919089 0.8893502686858817 0.1820480404551201 0.045432340009770394
0 0.11630847029077118 0.949438202247191 0.17446270543615677 0.05227161700048852
0 0.8053097345132744 0.9291646311675623 0.3147914032869785 0.08500244259892525
0 0.6934260429835651 0.6082071323888617 0.5474083438685209 0.12310698583292623
0 0.6994310998735778 0.7081094284318515 0.534134007585335 0.03957010258915486