0 0.49803125000000004 0.48507812499999997 0.9916406249999999 0.234109375
0 0.494796875 0.02134375 0.10821875 0.02296875
0 0.0765625 0.078515625 0.140796875 0.06637499999999999
0 0.26396875 0.080359375 0.22004687500000003 0.08634375
0 0.09478125 0.19207812500000002 0.168375 0.085109375
0 0.7400156250000001 0.15718749999999998 0.48028125 0.240734375
0 0.77921875 0.673875 0.42662500000000003 0.04059375
0 0.22356250000000003 0.6969218749999999 0.42971875 0.042859375
0 0.21921875000000002 0.87690625 0.419328125 0.052140624999999996
0 0.9056875 0.9356406249999999 0.17015625 0.066765625
0 0.494734375 0.9801718749999999 0.324640625 0.026000000000000002