0 0.1834375 0.059296875000000006 0.22756249999999997 0.08859375
0 0.625578125 0.06754687499999999 0.47906250000000006 0.096109375
0 0.499875 0.139890625 0.1804375 0.029421874999999997
0 0.32259375 0.219015625 0.554484375 0.08870312500000001
0 0.8618750000000001 0.20325000000000001 0.18031250000000001 0.043703124999999995
0 0.5020625 0.395703125 0.94040625 0.24870312499999997
0 0.14275 0.609765625 0.1903125 0.10112499999999999
0 0.768921875 0.635453125 0.372203125 0.120265625
0 0.229640625 0.681171875 0.370828125 0.0258125
0 0.35834375 0.77784375 0.616984375 0.11570312499999999
0 0.820671875 0.781953125 0.258328125 0.06696875