0 0.500046875 0.021578125 0.161734375 0.027796875
0 0.501765625 0.07265625 0.305 0.06053125
0 0.504734375 0.16921875 0.42396874999999995 0.117328125
0 0.1320625 0.298515625 0.256203125 0.140421875
0 0.3954375 0.241734375 0.17809375 0.02190625
0 0.49978125 0.379703125 0.223203125 0.027640625000000002
0 0.911125 0.28190624999999997 0.17579687500000002 0.042734375000000005
0 0.695671875 0.539640625 0.314953125 0.0268125
0 0.891015625 0.70475 0.21795312500000003 0.1744375
0 0.56084375 0.7565937500000001 0.173546875 0.05178125
0 0.27604687499999997 0.83321875 0.5515625 0.052328125
0 0.501484375 0.9730000000000001 0.220671875 0.031828125
0 0.915640625 0.93128125 0.156640625 0.02471875
0 0.5021093750000001 0.470046875 0.99578125 0.11303125
0 0.502390625 0.885828125 0.688390625 0.054906250000000004