0 0.2869475138121547 0.11279296875 0.412292817679558 0.0478515625
0 0.8142265193370166 0.07421875 0.24861878453038674 0.05859375
0 0.1712707182320442 0.236572265625 0.2085635359116022 0.07373046875
0 0.49482044198895025 0.235595703125 0.22306629834254144 0.07470703125
0 0.8200966850828729 0.2412109375 0.2824585635359116 0.06640625
0 0.7734806629834254 0.68212890625 0.20718232044198895 0.0458984375
0 0.26933701657458564 0.68359375 0.32734806629834257 0.037109375
0 0.5107044198895028 0.413818359375 0.8901933701657458 0.16259765625
0 0.7852209944751382 0.570556640625 0.2969613259668508 0.10595703125
0 0.4986187845303867 0.9482421875 0.26795580110497236 0.0439453125
0 0.7828038674033149 0.7734375 0.2285911602209945 0.08203125
0 0.11636740331491713 0.059814453125 0.05041436464088398 0.02978515625