0 0.229828125 0.12140625000000001 0.395421875 0.064
0 0.8295625 0.189953125 0.2303125 0.194125
0 0.140453125 0.17521875 0.20625 0.036203125
0 0.21378124999999998 0.307109375 0.389359375 0.143734375
0 0.218109375 0.853828125 0.39454687499999996 0.13995312499999998
0 0.7991875 0.839078125 0.24246875 0.15557812499999998
0 0.11615625 0.9532031249999999 0.1993125 0.034875
0 0.448546875 0.9484375 0.301609375 0.040953125
0 0.806125 0.9532031249999999 0.27718750000000003 0.034875
0 0.82653125 0.41993749999999996 0.25028125 0.025640625
0 0.49535937499999994 0.54575 0.926484375 0.22517187500000002
0 0.719328125 0.70890625 0.46815625 0.093171875