0 0.28135937499999997 0.098265625 0.39665625000000004 0.075109375
0 0.8190468750000001 0.13934375000000002 0.199703125 0.032265625
0 0.25390625 0.23803125 0.337296875 0.095703125
0 0.2536875 0.35009375 0.3413125 0.096625
0 0.79784375 0.355234375 0.25996874999999997 0.0935
0 0.22690625 0.7655624999999999 0.25203125000000004 0.083796875
0 0.6422656250000001 0.7791718750000001 0.506859375 0.08871875
0 0.20571875 0.8767343750000001 0.06231250000000001 0.029359375
0 0.51815625 0.55840625 0.8300625 0.276625
0 0.4954375 0.903703125 0.17681249999999998 0.072015625
0 0.5020781249999999 0.9561875000000001 0.28634375 0.025734374999999997
0 0.8025156250000001 0.88009375 0.09425 0.02021875