0 0.13678125000000002 0.095984375 0.114109375 0.11896875
0 0.31251562499999996 0.10846875 0.22353125000000001 0.097828125
0 0.19728125000000002 0.22999999999999998 0.19765625 0.04121875
0 0.21432812499999998 0.31209375 0.246140625 0.090140625
0 0.7621875 0.31378125 0.39096875 0.067578125
0 0.25465625 0.6769999999999999 0.3325625 0.08225
0 0.301453125 0.780453125 0.4290625 0.096109375
0 0.17903125 0.924421875 0.178453125 0.049765625
0 0.437125 0.918171875 0.2825625 0.054578125
0 0.753078125 0.91721875 0.274765625 0.0641875
0 0.74371875 0.813265625 0.31078125 0.0896875
0 0.721140625 0.6849375 0.38665625000000003 0.14134375
0 0.49517187500000004 0.490234375 0.819375 0.22740624999999998