0 0.264546875 0.097546875 0.37110937499999996 0.09439062499999999
0 0.8378125000000001 0.246375 0.18951562500000002 0.09517187499999999
0 0.19946875 0.262 0.19928125000000002 0.06392187499999999
0 0.174296875 0.404296875 0.190625 0.140203125
0 0.186890625 0.58003125 0.20015624999999998 0.173953125
0 0.19253125 0.8195625 0.20623437500000003 0.059265625
0 0.190796875 0.8876875 0.19234374999999998 0.061828125
0 0.18125 0.9631875000000001 0.173265625 0.039218750000000004
0 0.45289062500000005 0.96665625 0.279046875 0.046156249999999996
0 0.7826875 0.9675156250000001 0.271984375 0.047890625
0 0.789640625 0.7444843750000001 0.233796875 0.143484375
0 0.649 0.49192187499999995 0.6504375 0.325859375