0 0.45728125000000003 0.47278125 0.7663593750000001 0.2058125
0 0.647375 0.6583125 0.38101562499999997 0.128390625
0 0.193171875 0.652515625 0.245890625 0.12453125000000001
0 0.45181250000000006 0.77878125 0.7438125 0.083234375
0 0.194140625 0.9108437500000001 0.22075 0.068984375
0 0.814578125 0.913109375 0.239875 0.061890625
0 0.731140625 0.221234375 0.192859375 0.13187500000000002
0 0.89221875 0.087890625 0.17476562499999998 0.07396875
0 0.48471875000000003 0.09659375 0.129171875 0.041109375
0 0.282078125 0.205140625 0.385015625 0.061015625
0 0.14715625000000002 0.09046875 0.244390625 0.071390625
0 0.24181249999999999 0.256359375 0.30062500000000003 0.028140625000000002