0 0.26271875 0.889984375 0.4995625 0.025609375
0 0.898078125 0.914390625 0.1670625 0.02684375
0 0.904546875 0.95884375 0.172484375 0.038093749999999996
0 0.493375 0.978875 0.327078125 0.0280625
0 0.2370625 0.93359375 0.44071875 0.06021875
0 0.7125 0.754703125 0.539890625 0.025609375
0 0.253328125 0.789765625 0.47828125000000005 0.043953124999999996
0 0.50228125 0.428234375 0.9786875 0.08659375
0 0.707078125 0.515265625 0.569109375 0.06775
0 0.490671875 0.030828125 0.14884375 0.025765624999999997
0 0.19365625 0.10887500000000001 0.35890625 0.12171875000000001
0 0.20659375 0.246390625 0.37978125 0.14709375
0 0.61234375 0.18628125 0.22935937499999998 0.2055625
0 0.856546875 0.190453125 0.226765625 0.21225
0 0.55684375 0.06296874999999999 0.113328125 0.034921875000000005
0 0.787671875 0.059640625 0.094046875 0.038265625
0 0.57728125 0.31215625 0.15423437499999998 0.027265624999999998
0 0.498328125 0.844890625 0.9749375 0.07320312500000001