0 0.28996875 0.710515625 0.51490625 0.028078125
0 0.73865625 0.690421875 0.46254687499999997 0.022093750000000002
0 0.504859375 0.746015625 0.926734375 0.040875
0 0.39303125 0.7768125 0.67996875 0.015203125000000001
0 0.26365625000000004 0.838828125 0.44945312499999995 0.0416875
0 0.7367343749999999 0.8803124999999999 0.46126562499999996 0.063046875
0 0.898875 0.9440312499999999 0.174625 0.041625
0 0.264296875 0.876890625 0.43790625 0.03396875
0 0.5025625 0.9483124999999999 0.241921875 0.0553125
0 0.275 0.908328125 0.45415625000000004 0.024109375
0 0.5034375 0.013218750000000001 0.1204375 0.026437500000000003
0 0.826359375 0.011515625 0.2631875 0.023015625
0 0.650578125 0.04359375 0.1015625 0.02728125
0 0.83878125 0.0474375 0.12887500000000002 0.024703125
0 0.6858593749999999 0.1160625 0.1695625 0.11492187499999999
0 0.67025 0.19071875 0.14090625 0.018640625
0 0.8744999999999999 0.126546875 0.177203125 0.13671875
0 0.663625 0.220859375 0.12509375 0.030171874999999997
0 0.09409375 0.0658125 0.08721875 0.07175000000000001
0 0.281 0.073515625 0.2608125 0.08199999999999999
0 0.21940624999999997 0.16246875 0.3275625 0.100765625
0 0.25146875 0.262984375 0.40198437499999995 0.0964375
0 0.5093593750000001 0.3768125 0.922875 0.12559375