0 0.5191088709677419 0.0298803077799943 0.7898709677419355 0.03954687945283557
0 0.21960483870967742 0.11880877742946708 0.3184556451612903 0.04852664576802508
0 0.2847137096774194 0.2087546309489883 0.43683870967741933 0.12634083784554004
0 0.7280685483870968 0.21084639498432603 0.4285524193548387 0.12717583357081788
0 0.5037258064516129 0.3083214591051582 0.8796008064516129 0.05940438871473354
0 0.7156370967741935 0.822046166999145 0.45104435483870964 0.0660986035907666
0 0.2875967741935484 0.9127956682815617 0.4738427419354839 0.02916785408948418
0 0.8830645161290323 0.060558563693359935 0.23387096774193547 0.02707324023938444
0 0.5191088709677419 0.0298803077799943 0.7898709677419355 0.03954687945283557
0 0.21960483870967742 0.11880877742946708 0.3184556451612903 0.04852664576802508
0 0.2847137096774194 0.2087546309489883 0.43683870967741933 0.12634083784554004
0 0.7280685483870968 0.21084639498432603 0.4285524193548387 0.12717583357081788
0 0.5037258064516129 0.3083214591051582 0.8796008064516129 0.05940438871473354
0 0.7156370967741935 0.822046166999145 0.45104435483870964 0.0660986035907666
0 0.2875967741935484 0.9127956682815617 0.4738427419354839 0.02916785408948418
0 0.8830645161290323 0.060558563693359935 0.23387096774193547 0.02707324023938444