0 0.5196572580645161 0.03353092049016814 0.7745161290322581 0.027363921345112566
0 0.2181532258064516 0.11944713593616414 0.3219677419354839 0.047495012824166426
0 0.28535483870967737 0.20911940723852948 0.4343024193548387 0.12476204046736963
0 0.7271854838709678 0.20947563408378453 0.42527822580645164 0.12689085209461384
0 0.5055161290322581 0.3062382445141066 0.8746250000000001 0.05529210601310915
0 0.715149193548387 0.8226588771729838 0.4533629032258064 0.06450840695354802
0 0.8787379032258065 0.059766315189512684 0.21853225806451615 0.02603875748076375
0 0.2880282258064516 0.9172271302365347 0.4571612903225806 0.0201196922200057
0 0.5196572580645161 0.03353092049016814 0.7745161290322581 0.027363921345112566
0 0.2181532258064516 0.11944713593616414 0.3219677419354839 0.047495012824166426
0 0.28535483870967737 0.20911940723852948 0.4343024193548387 0.12476204046736963
0 0.7271854838709678 0.20947563408378453 0.42527822580645164 0.12689085209461384
0 0.5055161290322581 0.3062382445141066 0.8746250000000001 0.05529210601310915
0 0.715149193548387 0.8226588771729838 0.4533629032258064 0.06450840695354802
0 0.8787379032258065 0.059766315189512684 0.21853225806451615 0.02603875748076375
0 0.2880282258064516 0.9172271302365347 0.4571612903225806 0.0201196922200057