0 0.5215645161290323 0.03611000284981476 0.77525 0.022906811057281276
0 0.21829435483870968 0.11832715873468223 0.3155282258064516 0.043690510116842406
0 0.2865524193548387 0.20889427187232829 0.43658870967741936 0.1265203761755486
0 0.7270040322580645 0.20889427187232829 0.42628629032258064 0.12469934454260473
0 0.5022701612903226 0.31356796808207466 0.8731774193548387 0.07190652607580507
0 0.7160564516129032 0.8214648047876888 0.45333064516129035 0.060983186092903964
0 0.28830645161290325 0.9176403533770305 0.46774193548387094 0.019948703334283273
0 0.8760846774193548 0.059729267597606155 0.21330645161290324 0.025237959532630378
0 0.5215645161290323 0.03611000284981476 0.77525 0.022906811057281276
0 0.21829435483870968 0.11832715873468223 0.3155282258064516 0.043690510116842406
0 0.2865524193548387 0.20889427187232829 0.43658870967741936 0.1265203761755486
0 0.7270040322580645 0.20889427187232829 0.42628629032258064 0.12469934454260473
0 0.5022701612903226 0.31356796808207466 0.8731774193548387 0.07190652607580507
0 0.7160564516129032 0.8214648047876888 0.45333064516129035 0.060983186092903964
0 0.28830645161290325 0.9176403533770305 0.46774193548387094 0.019948703334283273
0 0.8760846774193548 0.059729267597606155 0.21330645161290324 0.025237959532630378