0 0.5156532258064516 0.03036762610430322 0.7799879032258064 0.039028213166144195
0 0.22953225806451613 0.11567968082074666 0.33499193548387096 0.04519236249643774
0 0.2853629032258065 0.20775149615275007 0.4371129032258064 0.12681105728127673
0 0.7262943548387097 0.20943858649187802 0.42756854838709674 0.12748361356511825
0 0.504875 0.3190481618694785 0.8742258064516129 0.08094328868623539
0 0.7153185483870967 0.8222399544029637 0.4514274193548387 0.06340552864063836
0 0.2923266129032258 0.9104673696209746 0.47654838709677416 0.03365916215445996
0 0.873858870967742 0.0607466514676546 0.21313709677419357 0.026668566543174694
0 0.5156532258064516 0.03036762610430322 0.7799879032258064 0.039028213166144195
0 0.22953225806451613 0.11567968082074666 0.33499193548387096 0.04519236249643774
0 0.2853629032258065 0.20775149615275007 0.4371129032258064 0.12681105728127673
0 0.7262943548387097 0.20943858649187802 0.42756854838709674 0.12748361356511825
0 0.504875 0.3190481618694785 0.8742258064516129 0.08094328868623539
0 0.7153185483870967 0.8222399544029637 0.4514274193548387 0.06340552864063836
0 0.2923266129032258 0.9104673696209746 0.47654838709677416 0.03365916215445996
0 0.873858870967742 0.0607466514676546 0.21313709677419357 0.026668566543174694