0 0.5224395161290323 0.031077229980051295 0.7819032258064516 0.03713308634938729
0 0.21956854838709677 0.1170561413508122 0.31101612903225806 0.03991165574237675
0 0.28572983870967744 0.20849529780564263 0.43997580645161294 0.12509546879452835
0 0.7265524193548387 0.20879167854089484 0.4281774193548388 0.1280763750356227
0 0.5031895161290323 0.30797663151895127 0.8732096774193548 0.055996010259333144
0 0.715592741935484 0.8220661157024793 0.45514919354838707 0.06671701339412939
0 0.28430241935483874 0.9122770019948703 0.48240725806451606 0.03150185237959533
0 0.875 0.06269592476489028 0.23387096774193547 0.03419777714448561
0 0.5224395161290323 0.031077229980051295 0.7819032258064516 0.03713308634938729
0 0.21956854838709677 0.1170561413508122 0.31101612903225806 0.03991165574237675
0 0.28572983870967744 0.20849529780564263 0.43997580645161294 0.12509546879452835
0 0.7265524193548387 0.20879167854089484 0.4281774193548388 0.1280763750356227
0 0.5031895161290323 0.30797663151895127 0.8732096774193548 0.055996010259333144
0 0.715592741935484 0.8220661157024793 0.45514919354838707 0.06671701339412939
0 0.28430241935483874 0.9122770019948703 0.48240725806451606 0.03150185237959533
0 0.875 0.06269592476489028 0.23387096774193547 0.03419777714448561