0 0.5324032258064516 0.029102308349957254 0.8050201612903226 0.03771444856084354
0 0.2205846774193548 0.11826731262467939 0.31478629032258065 0.04300655457395269
0 0.28553225806451615 0.21089769165004274 0.4353185483870967 0.1273667711598746
0 0.7284556451612902 0.210071245369051 0.42478629032258064 0.13067255628384153
0 0.5107943548387097 0.3080763750356227 0.8881895161290323 0.05872043317184383
0 0.7155806451612904 0.8229125106868054 0.45520967741935486 0.06616414933029353
0 0.2905201612903226 0.911268167569108 0.48351612903225805 0.033496722713023654
0 0.8719758064516129 0.06198347107438017 0.2439516129032258 0.02707324023938444
0 0.5324032258064516 0.029102308349957254 0.8050201612903226 0.03771444856084354
0 0.2205846774193548 0.11826731262467939 0.31478629032258065 0.04300655457395269
0 0.28553225806451615 0.21089769165004274 0.4353185483870967 0.1273667711598746
0 0.7284556451612902 0.210071245369051 0.42478629032258064 0.13067255628384153
0 0.5107943548387097 0.3080763750356227 0.8881895161290323 0.05872043317184383
0 0.7155806451612904 0.8229125106868054 0.45520967741935486 0.06616414933029353
0 0.2905201612903226 0.911268167569108 0.48351612903225805 0.033496722713023654
0 0.8719758064516129 0.06198347107438017 0.2439516129032258 0.02707324023938444