0 0.5231854838709677 0.02921060131091479 0.7923387096774194 0.038472499287546306
0 0.2288306451612903 0.11755485893416928 0.3326612903225806 0.05272157309774864
0 0.2860282258064516 0.20900256483328583 0.43492741935483864 0.1253035052721573
0 0.7268427419354838 0.2094927329723568 0.42731048387096776 0.12726132801367912
0 0.504875 0.3078768880022798 0.8753951612903226 0.05677970931889428
0 0.7171451612903226 0.8215759475634083 0.4494717741935484 0.0631404958677686
0 0.29089919354838706 0.9124821886577372 0.472866935483871 0.029127956682815617
0 0.8810483870967742 0.05984611000284981 0.2217741935483871 0.028498147620404674
0 0.5231854838709677 0.02921060131091479 0.7923387096774194 0.038472499287546306
0 0.2288306451612903 0.11755485893416928 0.3326612903225806 0.05272157309774864
0 0.2860282258064516 0.20900256483328583 0.43492741935483864 0.1253035052721573
0 0.7268427419354838 0.2094927329723568 0.42731048387096776 0.12726132801367912
0 0.504875 0.3078768880022798 0.8753951612903226 0.05677970931889428
0 0.7171451612903226 0.8215759475634083 0.4494717741935484 0.0631404958677686
0 0.29089919354838706 0.9124821886577372 0.472866935483871 0.029127956682815617
0 0.8810483870967742 0.05984611000284981 0.2217741935483871 0.028498147620404674