0 0.521399193548387 0.031285266457680254 0.7921048387096774 0.037124536905101174
0 0.2240040322580645 0.11728697634653748 0.32433064516129034 0.04192077514961527
0 0.2839475806451613 0.2082616129951553 0.43412500000000004 0.12754345967512112
0 0.7256411290322581 0.21004559703619263 0.43160080645161286 0.12932744371615845
0 0.509842741935484 0.3268880022798518 0.8909637096774194 0.09543459675121117
0 0.75025 0.8161014534055286 0.39247983870967745 0.07848959817611856
0 0.2890201612903226 0.9150669706469079 0.4950443548387097 0.032100313479623825
0 0.8739032258064517 0.06031347962382445 0.210125 0.02731262467939584
0 0.521399193548387 0.031285266457680254 0.7921048387096774 0.037124536905101174
0 0.2240040322580645 0.11728697634653748 0.32433064516129034 0.04192077514961527
0 0.2839475806451613 0.2082616129951553 0.43412500000000004 0.12754345967512112
0 0.7256411290322581 0.21004559703619263 0.43160080645161286 0.12932744371615845
0 0.509842741935484 0.3268880022798518 0.8909637096774194 0.09543459675121117
0 0.75025 0.8161014534055286 0.39247983870967745 0.07848959817611856
0 0.2890201612903226 0.9150669706469079 0.4950443548387097 0.032100313479623825
0 0.8739032258064517 0.06031347962382445 0.210125 0.02731262467939584