0 0.5300282258064516 0.030960387574807638 0.7985524193548388 0.0353662011969222
0 0.2104677419354839 0.11983471074380166 0.29609274193548385 0.04531205471644343
0 0.28639112903225805 0.20956112852664577 0.436125 0.1257965232259903
0 0.7263104838709677 0.21015958962667428 0.42515725806451615 0.12699059561128528
0 0.503608870967742 0.30852949558278714 0.8722459677419355 0.05902251353662012
0 0.7174516129032258 0.8212567683100598 0.4529959677419355 0.06379310344827586
0 0.2843629032258065 0.9141379310344828 0.4786532258064516 0.025970361926474776
0 0.8719758064516129 0.060558563693359935 0.23588709677419356 0.02707324023938444
0 0.5300282258064516 0.030960387574807638 0.7985524193548388 0.0353662011969222
0 0.2104677419354839 0.11983471074380166 0.29609274193548385 0.04531205471644343
0 0.28639112903225805 0.20956112852664577 0.436125 0.1257965232259903
0 0.7263104838709677 0.21015958962667428 0.42515725806451615 0.12699059561128528
0 0.503608870967742 0.30852949558278714 0.8722459677419355 0.05902251353662012
0 0.7174516129032258 0.8212567683100598 0.4529959677419355 0.06379310344827586
0 0.2843629032258065 0.9141379310344828 0.4786532258064516 0.025970361926474776
0 0.8719758064516129 0.060558563693359935 0.23588709677419356 0.02707324023938444