0 0.5214354838709677 0.036380735252208606 0.7785403225806452 0.021972071815332003
0 0.2213709677419355 0.11831290966087205 0.31498387096774194 0.04203191792533485
0 0.2857983870967742 0.20938444001139928 0.4350322580645162 0.1276546024508407
0 0.7257862903225807 0.2101624394414363 0.42732258064516127 0.1276546024508407
0 0.5115725806451613 0.308238814477059 0.8931895161290323 0.060712453690510114
0 0.7158749999999999 0.8223567968082075 0.4537540322580645 0.06460530065545739
0 0.2852540322580645 0.92 0.45452822580645164 0.01639498432601881
0 0.8780524193548388 0.060367626104303226 0.2142016129032258 0.026899401538899973
0 0.5214354838709677 0.036380735252208606 0.7785403225806452 0.021972071815332003
0 0.2213709677419355 0.11831290966087205 0.31498387096774194 0.04203191792533485
0 0.2857983870967742 0.20938444001139928 0.4350322580645162 0.1276546024508407
0 0.7257862903225807 0.2101624394414363 0.42732258064516127 0.1276546024508407
0 0.5115725806451613 0.308238814477059 0.8931895161290323 0.060712453690510114
0 0.7158749999999999 0.8223567968082075 0.4537540322580645 0.06460530065545739
0 0.2852540322580645 0.92 0.45452822580645164 0.01639498432601881
0 0.8780524193548388 0.060367626104303226 0.2142016129032258 0.026899401538899973