0 0.5218911290322581 0.0292675976061556 0.7876290322580645 0.03516956397834141
0 0.2269274193548387 0.11806497577657453 0.3296733870967742 0.043881447705899114
0 0.28458064516129034 0.2089655172413793 0.43315725806451616 0.12538045027073239
0 0.7273467741935483 0.2115787973781704 0.4257661290322581 0.13060416072955258
0 0.5026370967741935 0.30874608150470223 0.8692701612903225 0.057466514676546024
0 0.7155201612903226 0.821758335708179 0.452375 0.07000284981476204
0 0.2861290322580645 0.9111769734967228 0.47786693548387094 0.033134796238244515
0 0.8742983870967743 0.06029638073525221 0.2078225806451613 0.02530065545739527
0 0.5218911290322581 0.0292675976061556 0.7876290322580645 0.03516956397834141
0 0.2269274193548387 0.11806497577657453 0.3296733870967742 0.043881447705899114
0 0.28458064516129034 0.2089655172413793 0.43315725806451616 0.12538045027073239
0 0.7273467741935483 0.2115787973781704 0.4257661290322581 0.13060416072955258
0 0.5026370967741935 0.30874608150470223 0.8692701612903225 0.057466514676546024
0 0.7155201612903226 0.821758335708179 0.452375 0.07000284981476204
0 0.2861290322580645 0.9111769734967228 0.47786693548387094 0.033134796238244515
0 0.8742983870967743 0.06029638073525221 0.2078225806451613 0.02530065545739527