0 0.5189758064516129 0.03159304645198062 0.7770806451612904 0.03700769449985751
0 0.21263709677419357 0.11955257908235964 0.2948387096774194 0.0403305785123967
0 0.28634677419354837 0.21005699629524083 0.4368225806451613 0.12819606725562838
0 0.7269032258064516 0.2098176118552294 0.4293508064516129 0.12771444856084355
0 0.504758064516129 0.32096893701909374 0.8750040322580646 0.08306355086919351
0 0.716375 0.8229495582787119 0.4517661290322581 0.06529780564263322
0 0.2911370967741935 0.9128042177258479 0.4679274193548387 0.0287603305785124
0 0.8761733870967742 0.06072100313479624 0.2172701612903226 0.027098888572242807
0 0.5189758064516129 0.03159304645198062 0.7770806451612904 0.03700769449985751
0 0.21263709677419357 0.11955257908235964 0.2948387096774194 0.0403305785123967
0 0.28634677419354837 0.21005699629524083 0.4368225806451613 0.12819606725562838
0 0.7269032258064516 0.2098176118552294 0.4293508064516129 0.12771444856084355
0 0.504758064516129 0.32096893701909374 0.8750040322580646 0.08306355086919351
0 0.716375 0.8229495582787119 0.4517661290322581 0.06529780564263322
0 0.2911370967741935 0.9128042177258479 0.4679274193548387 0.0287603305785124
0 0.8761733870967742 0.06072100313479624 0.2172701612903226 0.027098888572242807