0 0.5161250000000001 0.029931604445711028 0.7712217741935484 0.03419492732972357
0 0.22228225806451613 0.11926474779139357 0.318125 0.04395839270447421
0 0.2854959677419355 0.2097036192647478 0.43844354838709676 0.12827301225420348
0 0.727 0.20862353946993445 0.42824596774193546 0.1289940153889997
0 0.5093064516129032 0.3098717583357082 0.8860604838709677 0.060532915360501566
0 0.7168024193548388 0.8222399544029637 0.454758064516129 0.06629809062410943
0 0.8761169354838709 0.05938159019663722 0.2103709677419355 0.025383300085494442
0 0.2879798387096774 0.9122798518096323 0.4987459677419355 0.032353946993445425
0 0.5161250000000001 0.029931604445711028 0.7712217741935484 0.03419492732972357
0 0.22228225806451613 0.11926474779139357 0.318125 0.04395839270447421
0 0.2854959677419355 0.2097036192647478 0.43844354838709676 0.12827301225420348
0 0.727 0.20862353946993445 0.42824596774193546 0.1289940153889997
0 0.5093064516129032 0.3098717583357082 0.8860604838709677 0.060532915360501566
0 0.7168024193548388 0.8222399544029637 0.454758064516129 0.06629809062410943
0 0.8761169354838709 0.05938159019663722 0.2103709677419355 0.025383300085494442
0 0.2879798387096774 0.9122798518096323 0.4987459677419355 0.032353946993445425