0 0.5178346774193548 0.035465944713593614 0.7828508064516129 0.023040752351097177
0 0.21910483870967742 0.11762895411798233 0.3286572580645161 0.04466799658022229
0 0.28511693548387096 0.20994585351952125 0.43820967741935485 0.12805357651752636
0 0.7254354838709677 0.207463664861784 0.42557258064516135 0.12705899116557423
0 0.5035201612903226 0.3067312624679396 0.8806370967741936 0.05558848674836136
0 0.7156048387096774 0.8219179253348533 0.4480443548387097 0.0655143915645483
0 0.28988709677419355 0.9201481903676262 0.45961290322580645 0.018683385579937303
0 0.876866935483871 0.06029638073525221 0.21808870967741936 0.026326588771729838
0 0.5178346774193548 0.035465944713593614 0.7828508064516129 0.023040752351097177
0 0.21910483870967742 0.11762895411798233 0.3286572580645161 0.04466799658022229
0 0.28511693548387096 0.20994585351952125 0.43820967741935485 0.12805357651752636
0 0.7254354838709677 0.207463664861784 0.42557258064516135 0.12705899116557423
0 0.5035201612903226 0.3067312624679396 0.8806370967741936 0.05558848674836136
0 0.7156048387096774 0.8219179253348533 0.4480443548387097 0.0655143915645483
0 0.28988709677419355 0.9201481903676262 0.45961290322580645 0.018683385579937303
0 0.876866935483871 0.06029638073525221 0.21808870967741936 0.026326588771729838