0 0.5313104838709678 0.030775149615275006 0.7993467741935484 0.03385579937304075
0 0.2195806451612903 0.119224850384725 0.31747580645161294 0.04456255343402679
0 0.2865040322580645 0.21108862923909946 0.4380524193548387 0.12978056426332288
0 0.727875 0.2091336563123397 0.4269879032258065 0.12587061840980338
0 0.5033185483870968 0.3127215730977486 0.8738911290322581 0.06723567968082075
0 0.7168104838709678 0.8220689655172413 0.4513266129032258 0.06332573382730122
0 0.2882540322580645 0.911900826446281 0.46237096774193553 0.029353092049016812
0 0.876008064516129 0.060558563693359935 0.22782258064516128 0.02707324023938444
0 0.5313104838709678 0.030775149615275006 0.7993467741935484 0.03385579937304075
0 0.2195806451612903 0.119224850384725 0.31747580645161294 0.04456255343402679
0 0.2865040322580645 0.21108862923909946 0.4380524193548387 0.12978056426332288
0 0.727875 0.2091336563123397 0.4269879032258065 0.12587061840980338
0 0.5033185483870968 0.3127215730977486 0.8738911290322581 0.06723567968082075
0 0.7168104838709678 0.8220689655172413 0.4513266129032258 0.06332573382730122
0 0.2882540322580645 0.911900826446281 0.46237096774193553 0.029353092049016812
0 0.876008064516129 0.060558563693359935 0.22782258064516128 0.02707324023938444