0 0.5208911290322581 0.03465089769165004 0.7811250000000001 0.02646053006554574
0 0.2205 0.11513821601595896 0.3258266129032258 0.046055856369336
0 0.28642338709677423 0.20778569392989457 0.4364556451612904 0.12424337418067827
0 0.7266653225806452 0.20724992875463094 0.4258467741935483 0.12317184383015103
0 0.5054072580645161 0.310074095183813 0.8744233870967743 0.06105158164719293
0 0.7153024193548387 0.8215047021943573 0.45464112903225806 0.06426332288401254
0 0.28943951612903224 0.9198119122257054 0.460241935483871 0.018070675406098604
0 0.8770161290322581 0.0607181533200342 0.21580241935483874 0.02746651467654602
0 0.5208911290322581 0.03465089769165004 0.7811250000000001 0.02646053006554574
0 0.2205 0.11513821601595896 0.3258266129032258 0.046055856369336
0 0.28642338709677423 0.20778569392989457 0.4364556451612904 0.12424337418067827
0 0.7266653225806452 0.20724992875463094 0.4258467741935483 0.12317184383015103
0 0.5054072580645161 0.310074095183813 0.8744233870967743 0.06105158164719293
0 0.7153024193548387 0.8215047021943573 0.45464112903225806 0.06426332288401254
0 0.28943951612903224 0.9198119122257054 0.460241935483871 0.018070675406098604
0 0.8770161290322581 0.0607181533200342 0.21580241935483874 0.02746651467654602