0 0.5256733870967742 0.029937304075235108 0.7994959677419354 0.034166429182103164
0 0.21941532258064514 0.1181618694784839 0.3141411290322581 0.03948418352807068
0 0.2858024193548387 0.20943288686235395 0.4388266129032258 0.1258877172983756
0 0.72625 0.20914505557138785 0.4291129032258065 0.127606155599886
0 0.5056209677419355 0.3072812767170134 0.876842741935484 0.05493302935309204
0 0.7153185483870967 0.8202764320319179 0.45420967741935486 0.06351667141635793
0 0.28426209677419356 0.9127101738387005 0.482875 0.029150755200911944
0 0.8761129032258066 0.05957822741521801 0.21045161290322578 0.024653747506412086
0 0.5256733870967742 0.029937304075235108 0.7994959677419354 0.034166429182103164
0 0.21941532258064514 0.1181618694784839 0.3141411290322581 0.03948418352807068
0 0.2858024193548387 0.20943288686235395 0.4388266129032258 0.1258877172983756
0 0.72625 0.20914505557138785 0.4291129032258065 0.127606155599886
0 0.5056209677419355 0.3072812767170134 0.876842741935484 0.05493302935309204
0 0.7153185483870967 0.8202764320319179 0.45420967741935486 0.06351667141635793
0 0.28426209677419356 0.9127101738387005 0.482875 0.029150755200911944
0 0.8761129032258066 0.05957822741521801 0.21045161290322578 0.024653747506412086