0 0.5184516129032258 0.030019948703334284 0.780383064516129 0.036175548589341695
0 0.2145725806451613 0.11820176688515246 0.3043790322580645 0.04332858364206326
0 0.28609274193548384 0.21017953833000855 0.4366693548387097 0.12694499857509262
0 0.725991935483871 0.20941863778854375 0.4237620967741936 0.12846394984326018
0 0.5049677419354839 0.30975776574522657 0.8765685483870967 0.06005129666571673
0 0.715774193548387 0.8217155884867484 0.4528024193548387 0.06385294955827871
0 0.2879879032258065 0.9141293815901966 0.4854717741935484 0.026617269877457966
0 0.8762298387096775 0.060872043317184384 0.21172983870967743 0.027899686520376176
0 0.5184516129032258 0.030019948703334284 0.780383064516129 0.036175548589341695
0 0.2145725806451613 0.11820176688515246 0.3043790322580645 0.04332858364206326
0 0.28609274193548384 0.21017953833000855 0.4366693548387097 0.12694499857509262
0 0.725991935483871 0.20941863778854375 0.4237620967741936 0.12846394984326018
0 0.5049677419354839 0.30975776574522657 0.8765685483870967 0.06005129666571673
0 0.715774193548387 0.8217155884867484 0.4528024193548387 0.06385294955827871
0 0.2879879032258065 0.9141293815901966 0.4854717741935484 0.026617269877457966
0 0.8762298387096775 0.060872043317184384 0.21172983870967743 0.027899686520376176