0 0.5240887096774194 0.029709318894271874 0.7871854838709678 0.037161584497007696
0 0.2211451612903226 0.11862923909945854 0.31876612903225804 0.04435451695639783
0 0.28539516129032255 0.20839270447420918 0.4353145161290322 0.1253177543459675
0 0.7276814516129032 0.20592761470504417 0.42535483870967744 0.12179823311484753
0 0.5045483870967742 0.33019093758905677 0.8795967741935484 0.0999715018523796
0 0.7157298387096774 0.8216015958962667 0.4532459677419355 0.06336278141920776
0 0.28673387096774194 0.914365916215446 0.4786572580645161 0.02640068395554289
0 0.873991935483871 0.06127101738387005 0.2399193548387097 0.028498147620404674
0 0.5240887096774194 0.029709318894271874 0.7871854838709678 0.037161584497007696
0 0.2211451612903226 0.11862923909945854 0.31876612903225804 0.04435451695639783
0 0.28539516129032255 0.20839270447420918 0.4353145161290322 0.1253177543459675
0 0.7276814516129032 0.20592761470504417 0.42535483870967744 0.12179823311484753
0 0.5045483870967742 0.33019093758905677 0.8795967741935484 0.0999715018523796
0 0.7157298387096774 0.8216015958962667 0.4532459677419355 0.06336278141920776
0 0.28673387096774194 0.914365916215446 0.4786572580645161 0.02640068395554289
0 0.873991935483871 0.06127101738387005 0.2399193548387097 0.028498147620404674