0 0.527383064516129 0.03092618979766315 0.7939959677419355 0.03340267882587632
0 0.21175 0.11786548874323169 0.30220967741935484 0.0442889712168709
0 0.28553225806451615 0.2093017953833001 0.43360483870967736 0.1257252778569393
0 0.7252056451612903 0.2093017953833001 0.42552016129032255 0.12715303505272157
0 0.5038508064516128 0.3153833000854945 0.8763104838709678 0.07072100313479623
0 0.7166129032258065 0.8218523795953263 0.45079032258064516 0.06357651752636079
0 0.2774354838709677 0.9151382160159589 0.4608427419354839 0.029749216300940438
0 0.8728266129032258 0.06060131091479054 0.21510887096774195 0.02592191507552009
0 0.527383064516129 0.03092618979766315 0.7939959677419355 0.03340267882587632
0 0.21175 0.11786548874323169 0.30220967741935484 0.0442889712168709
0 0.28553225806451615 0.2093017953833001 0.43360483870967736 0.1257252778569393
0 0.7252056451612903 0.2093017953833001 0.42552016129032255 0.12715303505272157
0 0.5038508064516128 0.3153833000854945 0.8763104838709678 0.07072100313479623
0 0.7166129032258065 0.8218523795953263 0.45079032258064516 0.06357651752636079
0 0.2774354838709677 0.9151382160159589 0.4608427419354839 0.029749216300940438
0 0.8728266129032258 0.06060131091479054 0.21510887096774195 0.02592191507552009