0 0.5276048387096774 0.03172983756055856 0.7937137096774194 0.03661726987745797
0 0.22246774193548388 0.11728697634653748 0.3193467741935484 0.045648332858364206
0 0.28525806451612906 0.2079481333713309 0.4359637096774194 0.1255286406383585
0 0.726157258064516 0.20953263037902536 0.42788709677419356 0.12870048446850954
0 0.5036895161290323 0.3144571102878313 0.8728225806451613 0.07100598461100029
0 0.7140443548387096 0.8222827016243944 0.45210887096774194 0.06466799658022228
0 0.29679032258064514 0.9127472214306069 0.486366935483871 0.031624394414363065
0 0.8764959677419355 0.06072670276432032 0.20912096774193548 0.02763180393274437
0 0.5276048387096774 0.03172983756055856 0.7937137096774194 0.03661726987745797
0 0.22246774193548388 0.11728697634653748 0.3193467741935484 0.045648332858364206
0 0.28525806451612906 0.2079481333713309 0.4359637096774194 0.1255286406383585
0 0.726157258064516 0.20953263037902536 0.42788709677419356 0.12870048446850954
0 0.5036895161290323 0.3144571102878313 0.8728225806451613 0.07100598461100029
0 0.7140443548387096 0.8222827016243944 0.45210887096774194 0.06466799658022228
0 0.29679032258064514 0.9127472214306069 0.486366935483871 0.031624394414363065
0 0.8764959677419355 0.06072670276432032 0.20912096774193548 0.02763180393274437