0 0.5228467741935484 0.0356198347107438 0.783491935483871 0.025605585636933596
0 0.22111290322580646 0.11720433171843829 0.30916532258064516 0.042180108292960955
0 0.28519354838709676 0.20986035907666 0.43341935483870975 0.1279224850384725
0 0.7279072580645162 0.20847819891707037 0.4285282258064516 0.1279224850384725
0 0.5028830645161291 0.30977771444856084 0.8746653225806452 0.05808207466514677
0 0.7161693548387097 0.8228469649472784 0.452008064516129 0.06499857509261898
0 0.2874959677419355 0.919783414078085 0.4520967741935484 0.01675121117127387
0 0.8763548387096775 0.05966657167284126 0.2158508064516129 0.024408663436876605
0 0.5228467741935484 0.0356198347107438 0.783491935483871 0.025605585636933596
0 0.22111290322580646 0.11720433171843829 0.30916532258064516 0.042180108292960955
0 0.28519354838709676 0.20986035907666 0.43341935483870975 0.1279224850384725
0 0.7279072580645162 0.20847819891707037 0.4285282258064516 0.1279224850384725
0 0.5028830645161291 0.30977771444856084 0.8746653225806452 0.05808207466514677
0 0.7161693548387097 0.8228469649472784 0.452008064516129 0.06499857509261898
0 0.2874959677419355 0.919783414078085 0.4520967741935484 0.01675121117127387
0 0.8763548387096775 0.05966657167284126 0.2158508064516129 0.024408663436876605