0 0.5251693548387097 0.030484468509546878 0.7873024193548387 0.03834710743801653
0 0.21863306451612904 0.11876888002279852 0.313616935483871 0.045283556568823026
0 0.2855161290322581 0.20893986890852093 0.4338951612903226 0.12393274437161585
0 0.7244677419354839 0.20973211741236822 0.4260241935483871 0.12711028783129097
0 0.5035846774193549 0.30983471074380164 0.8745322580645162 0.0587888287261328
0 0.7154758064516129 0.8202650327728698 0.45525 0.06434881732687375
0 0.2869435483870968 0.9116044457110288 0.4778951612903226 0.031179823311484754
0 0.875 0.060558563693359935 0.22983870967741934 0.02707324023938444
0 0.5251693548387097 0.030484468509546878 0.7873024193548387 0.03834710743801653
0 0.21863306451612904 0.11876888002279852 0.313616935483871 0.045283556568823026
0 0.2855161290322581 0.20893986890852093 0.4338951612903226 0.12393274437161585
0 0.7244677419354839 0.20973211741236822 0.4260241935483871 0.12711028783129097
0 0.5035846774193549 0.30983471074380164 0.8745322580645162 0.0587888287261328
0 0.7154758064516129 0.8202650327728698 0.45525 0.06434881732687375
0 0.2869435483870968 0.9116044457110288 0.4778951612903226 0.031179823311484754
0 0.875 0.060558563693359935 0.22983870967741934 0.02707324023938444