0 0.5182258064516129 0.03177258478198917 0.770233870967742 0.03340267882587632
0 0.21154838709677418 0.11846964947278427 0.2976008064516129 0.039278996865203766
0 0.2859475806451613 0.20969791963522372 0.4374395161290322 0.1292390994585352
0 0.7269717741935484 0.20906526075805074 0.4266814516129033 0.1305072670276432
0 0.5042177419354839 0.3078939868908521 0.8757741935483871 0.057016243944143626
0 0.7162137096774194 0.8226360786548874 0.45178225806451616 0.06525220860644058
0 0.2887983870967742 0.9132487888287262 0.5014032258064516 0.0276688515246509
0 0.8779677419354839 0.0598803077799943 0.20443145161290324 0.024172128811627242
0 0.5182258064516129 0.03177258478198917 0.770233870967742 0.03340267882587632
0 0.21154838709677418 0.11846964947278427 0.2976008064516129 0.039278996865203766
0 0.2859475806451613 0.20969791963522372 0.4374395161290322 0.1292390994585352
0 0.7269717741935484 0.20906526075805074 0.4266814516129033 0.1305072670276432
0 0.5042177419354839 0.3078939868908521 0.8757741935483871 0.057016243944143626
0 0.7162137096774194 0.8226360786548874 0.45178225806451616 0.06525220860644058
0 0.2887983870967742 0.9132487888287262 0.5014032258064516 0.0276688515246509
0 0.8779677419354839 0.0598803077799943 0.20443145161290324 0.024172128811627242