0 0.5179274193548388 0.03251068680535765 0.7758346774193549 0.03177543459675121
0 0.22146370967741935 0.11927329723567967 0.31729032258064516 0.04289256198347107
0 0.2842862903225806 0.20994870333428328 0.4365403225806451 0.1294300370475919
0 0.7272137096774194 0.20919635223710462 0.4301532258064516 0.12792533485323454
0 0.5030887096774194 0.30739811912225706 0.8762782258064516 0.05493302935309204
0 0.7165685483870967 0.822111712738672 0.4514475806451613 0.06245939013964092
0 0.28399193548387097 0.9189797663151894 0.4847016129032258 0.018495297805642633
0 0.8754032258064516 0.061043032202906806 0.2229798387096774 0.026751211171273867
0 0.5179274193548388 0.03251068680535765 0.7758346774193549 0.03177543459675121
0 0.22146370967741935 0.11927329723567967 0.31729032258064516 0.04289256198347107
0 0.2842862903225806 0.20994870333428328 0.4365403225806451 0.1294300370475919
0 0.7272137096774194 0.20919635223710462 0.4301532258064516 0.12792533485323454
0 0.5030887096774194 0.30739811912225706 0.8762782258064516 0.05493302935309204
0 0.7165685483870967 0.822111712738672 0.4514475806451613 0.06245939013964092
0 0.28399193548387097 0.9189797663151894 0.4847016129032258 0.018495297805642633
0 0.8754032258064516 0.061043032202906806 0.2229798387096774 0.026751211171273867