0 0.5181048387096775 0.03452550584212026 0.769774193548387 0.02585636933599316
0 0.22255645161290324 0.11935594186377885 0.3212983870967742 0.04597036192647478
0 0.28525 0.20935594186377884 0.4357096774193548 0.1273867198632089
0 0.7264475806451612 0.2099088059276147 0.42787500000000006 0.12849244799088058
0 0.5113346774193548 0.30932459390139644 0.8925806451612903 0.06037047591906526
0 0.7162580645161291 0.8219150755200911 0.4560846774193548 0.06424622399544029
0 0.2884435483870968 0.9191707039042462 0.4553508064516129 0.018962667426617272
0 0.8763749999999999 0.05995725277856939 0.2107096774193548 0.026215445996010257
0 0.5181048387096775 0.03452550584212026 0.769774193548387 0.02585636933599316
0 0.22255645161290324 0.11935594186377885 0.3212983870967742 0.04597036192647478
0 0.28525 0.20935594186377884 0.4357096774193548 0.1273867198632089
0 0.7264475806451612 0.2099088059276147 0.42787500000000006 0.12849244799088058
0 0.5113346774193548 0.30932459390139644 0.8925806451612903 0.06037047591906526
0 0.7162580645161291 0.8219150755200911 0.4560846774193548 0.06424622399544029
0 0.2884435483870968 0.9191707039042462 0.4553508064516129 0.018962667426617272
0 0.8763749999999999 0.05995725277856939 0.2107096774193548 0.026215445996010257