0 0.5178548387096774 0.02975776574522656 0.7767217741935484 0.035226560273582216
0 0.21466935483870966 0.12001709888857223 0.3011774193548387 0.04205471644343117
0 0.28561693548387096 0.2076831005984611 0.4375766129032258 0.1268082074665147
0 0.7254798387096775 0.20800512966657167 0.42750806451612905 0.12874893131946422
0 0.5030322580645161 0.3205813622114563 0.8760685483870968 0.08216585921915075
0 0.7144959677419355 0.8226417782844115 0.44947580645161295 0.06534625249358791
0 0.29065725806451614 0.9110914790538615 0.48788709677419356 0.03176973496722713
0 0.8752459677419355 0.06127956682815617 0.21164112903225807 0.02702194357366771
0 0.5178548387096774 0.02975776574522656 0.7767217741935484 0.035226560273582216
0 0.21466935483870966 0.12001709888857223 0.3011774193548387 0.04205471644343117
0 0.28561693548387096 0.2076831005984611 0.4375766129032258 0.1268082074665147
0 0.7254798387096775 0.20800512966657167 0.42750806451612905 0.12874893131946422
0 0.5030322580645161 0.3205813622114563 0.8760685483870968 0.08216585921915075
0 0.7144959677419355 0.8226417782844115 0.44947580645161295 0.06534625249358791
0 0.29065725806451614 0.9110914790538615 0.48788709677419356 0.03176973496722713
0 0.8752459677419355 0.06127956682815617 0.21164112903225807 0.02702194357366771