0 0.5154354838709677 0.03126531775434597 0.772758064516129 0.0358592191507552
0 0.22038709677419352 0.11732687375320604 0.3234274193548387 0.04652607580507267
0 0.2855040322580645 0.209367341122827 0.43362096774193554 0.12744086634368765
0 0.7284274193548387 0.209367341122827 0.4321895161290322 0.12541749786263892
0 0.511616935483871 0.30747506412083214 0.8887096774193548 0.056640068395554286
0 0.7148306451612904 0.8217868338557994 0.46224193548387094 0.07181248218865774
0 0.29425 0.9109660872043317 0.4896129032258065 0.0329438586491878
0 0.8761935483870968 0.06011399259048162 0.21495564516129034 0.025656882302650327
0 0.5154354838709677 0.03126531775434597 0.772758064516129 0.0358592191507552
0 0.22038709677419352 0.11732687375320604 0.3234274193548387 0.04652607580507267
0 0.2855040322580645 0.209367341122827 0.43362096774193554 0.12744086634368765
0 0.7284274193548387 0.209367341122827 0.4321895161290322 0.12541749786263892
0 0.511616935483871 0.30747506412083214 0.8887096774193548 0.056640068395554286
0 0.7148306451612904 0.8217868338557994 0.46224193548387094 0.07181248218865774
0 0.29425 0.9109660872043317 0.4896129032258065 0.0329438586491878
0 0.8761935483870968 0.06011399259048162 0.21495564516129034 0.025656882302650327