0 0.5272137096774193 0.03223995440296381 0.7930806451612903 0.0319863208891422
0 0.2203266129032258 0.12005984611000285 0.3128870967741936 0.04412368196067256
0 0.28639112903225805 0.2093331433456825 0.4363024193548387 0.12724137931034482
0 0.7266854838709678 0.2093331433456825 0.4312177419354839 0.12826731262467939
0 0.5041774193548386 0.30887147335423193 0.8747822580645161 0.05746366486178398
0 0.7165201612903226 0.8219464234824736 0.4544516129032258 0.06259618124821886
0 0.2871532258064516 0.9199116557423767 0.4504596774193549 0.013730407523510972
0 0.8770161290322581 0.05984611000284981 0.23387096774193547 0.028498147620404674
0 0.5272137096774193 0.03223995440296381 0.7930806451612903 0.0319863208891422
0 0.2203266129032258 0.12005984611000285 0.3128870967741936 0.04412368196067256
0 0.28639112903225805 0.2093331433456825 0.4363024193548387 0.12724137931034482
0 0.7266854838709678 0.2093331433456825 0.4312177419354839 0.12826731262467939
0 0.5041774193548386 0.30887147335423193 0.8747822580645161 0.05746366486178398
0 0.7165201612903226 0.8219464234824736 0.4544516129032258 0.06259618124821886
0 0.2871532258064516 0.9199116557423767 0.4504596774193549 0.013730407523510972
0 0.8770161290322581 0.05984611000284981 0.23387096774193547 0.028498147620404674