0 0.5197056451612903 0.03136221145625534 0.7792056451612903 0.03681390709603876
0 0.22006854838709677 0.11753776004559703 0.31352419354838706 0.04190082644628099
0 0.28588709677419355 0.20950983186092903 0.439133064516129 0.13067825591336563
0 0.7275362903225806 0.20950983186092903 0.4260685483870968 0.12925619834710744
0 0.5049516129032258 0.3071644343117697 0.8752540322580645 0.05468509546879453
0 0.718991935483871 0.8213508121972072 0.4592298387096775 0.06462809917355372
0 0.2862782258064516 0.9131518951268167 0.47 0.027819891707039045
0 0.8840725806451613 0.060558563693359935 0.2318548387096774 0.029923055001424906
0 0.5197056451612903 0.03136221145625534 0.7792056451612903 0.03681390709603876
0 0.22006854838709677 0.11753776004559703 0.31352419354838706 0.04190082644628099
0 0.28588709677419355 0.20950983186092903 0.439133064516129 0.13067825591336563
0 0.7275362903225806 0.20950983186092903 0.4260685483870968 0.12925619834710744
0 0.5049516129032258 0.3071644343117697 0.8752540322580645 0.05468509546879453
0 0.718991935483871 0.8213508121972072 0.4592298387096775 0.06462809917355372
0 0.2862782258064516 0.9131518951268167 0.47 0.027819891707039045
0 0.8840725806451613 0.060558563693359935 0.2318548387096774 0.029923055001424906