0 0.5170040322580646 0.03526360786548874 0.777483870967742 0.023579367341122825
0 0.2210241935483871 0.11857224280421773 0.31378629032258065 0.04289541179823312
0 0.28343548387096773 0.20679395839270448 0.4363225806451613 0.1254516956397834
0 0.7242620967741936 0.20990025648332858 0.42850403225806455 0.1282958107722998
0 0.5137137096774194 0.3089569677970932 0.8940564516129034 0.06109432886862354
0 0.715616935483871 0.8234482758620689 0.4556733870967742 0.06894841835280707
0 0.2851290322580645 0.918797378170419 0.4516895161290323 0.019287546309489884
0 0.8784435483870967 0.05985750926189797 0.20984677419354836 0.025272157309774865
0 0.5170040322580646 0.03526360786548874 0.777483870967742 0.023579367341122825
0 0.2210241935483871 0.11857224280421773 0.31378629032258065 0.04289541179823312
0 0.28343548387096773 0.20679395839270448 0.4363225806451613 0.1254516956397834
0 0.7242620967741936 0.20990025648332858 0.42850403225806455 0.1282958107722998
0 0.5137137096774194 0.3089569677970932 0.8940564516129034 0.06109432886862354
0 0.715616935483871 0.8234482758620689 0.4556733870967742 0.06894841835280707
0 0.2851290322580645 0.918797378170419 0.4516895161290323 0.019287546309489884
0 0.8784435483870967 0.05985750926189797 0.20984677419354836 0.025272157309774865