0 0.5350040322580645 0.027754345967512112 0.8122258064516129 0.046375035622684524
0 0.2121008064516129 0.1197463664861784 0.2932943548387097 0.04274722143060701
0 0.2866693548387097 0.2099230550014249 0.439116935483871 0.12706754060986036
0 0.7278548387096774 0.20933884297520663 0.4283467741935484 0.12823881447705898
0 0.5037419354838709 0.3205927614705044 0.8765725806451613 0.08373610715303505
0 0.7162540322580645 0.8212482188657738 0.4565161290322581 0.06382730122542035
0 0.2903225806451613 0.9105158164719294 0.4798387096774194 0.03419777714448561
0 0.8710524193548387 0.06092618979766315 0.22215725806451614 0.027281276717013397
0 0.5350040322580645 0.027754345967512112 0.8122258064516129 0.046375035622684524
0 0.2121008064516129 0.1197463664861784 0.2932943548387097 0.04274722143060701
0 0.2866693548387097 0.2099230550014249 0.439116935483871 0.12706754060986036
0 0.7278548387096774 0.20933884297520663 0.4283467741935484 0.12823881447705898
0 0.5037419354838709 0.3205927614705044 0.8765725806451613 0.08373610715303505
0 0.7162540322580645 0.8212482188657738 0.4565161290322581 0.06382730122542035
0 0.2903225806451613 0.9105158164719294 0.4798387096774194 0.03419777714448561
0 0.8710524193548387 0.06092618979766315 0.22215725806451614 0.027281276717013397