0 0.5199516129032258 0.03514391564548304 0.778625 0.02312054716443431
0 0.2200846774193548 0.11770019948703334 0.3177701612903226 0.045748076375035626
0 0.28658064516129034 0.20878027928184667 0.43428629032258065 0.12643203191792532
0 0.7279274193548387 0.20836420632658875 0.4295766129032258 0.12726417782844116
0 0.5101975806451613 0.3073496722713024 0.8838709677419355 0.057395269307495014
0 0.7173346774193549 0.8201510401823882 0.45547177419354834 0.06487888287261329
0 0.2851411290322581 0.9189313194642349 0.4549395161290323 0.02188942718723283
0 0.876241935483871 0.05887147335423198 0.21892741935483873 0.025662581932174407
0 0.5199516129032258 0.03514391564548304 0.778625 0.02312054716443431
0 0.2200846774193548 0.11770019948703334 0.3177701612903226 0.045748076375035626
0 0.28658064516129034 0.20878027928184667 0.43428629032258065 0.12643203191792532
0 0.7279274193548387 0.20836420632658875 0.4295766129032258 0.12726417782844116
0 0.5101975806451613 0.3073496722713024 0.8838709677419355 0.057395269307495014
0 0.7173346774193549 0.8201510401823882 0.45547177419354834 0.06487888287261329
0 0.2851411290322581 0.9189313194642349 0.4549395161290323 0.02188942718723283
0 0.876241935483871 0.05887147335423198 0.21892741935483873 0.025662581932174407