0 0.5180927419354838 0.03422627529210601 0.7846451612903226 0.03028783129096609
0 0.21915725806451614 0.11988885722428042 0.31763306451612905 0.043448275862068966
0 0.28803225806451616 0.21000569962952406 0.43944758064516126 0.12873753206041608
0 0.7286209677419355 0.21000569962952406 0.42806451612903224 0.12713023653462527
0 0.503774193548387 0.3133998290111143 0.8754838709677418 0.06678255913365631
0 0.7172338709677419 0.8219179253348533 0.44855645161290325 0.06356511826731263
0 0.28585887096774193 0.918800227985181 0.4668225806451613 0.019774864633798805
0 0.8718870967741936 0.0600284981476204 0.21736693548387098 0.02446565973211741
0 0.5180927419354838 0.03422627529210601 0.7846451612903226 0.03028783129096609
0 0.21915725806451614 0.11988885722428042 0.31763306451612905 0.043448275862068966
0 0.28803225806451616 0.21000569962952406 0.43944758064516126 0.12873753206041608
0 0.7286209677419355 0.21000569962952406 0.42806451612903224 0.12713023653462527
0 0.503774193548387 0.3133998290111143 0.8754838709677418 0.06678255913365631
0 0.7172338709677419 0.8219179253348533 0.44855645161290325 0.06356511826731263
0 0.28585887096774193 0.918800227985181 0.4668225806451613 0.019774864633798805
0 0.8718870967741936 0.0600284981476204 0.21736693548387098 0.02446565973211741