0 0.5175443548387096 0.035625534340267884 0.774766129032258 0.022767170133941295
0 0.22136693548387096 0.11777714448560843 0.3133951612903226 0.04218865773724707
0 0.2852056451612903 0.20918780279281846 0.4377540322580646 0.12774009689370192
0 0.7279354838709677 0.20860074095183814 0.4294637096774193 0.12774009689370192
0 0.5049112903225806 0.30821316614420063 0.8755120967741935 0.05742376745511542
0 0.7150846774193549 0.8212197207181533 0.45185080645161285 0.06504132231404959
0 0.2869475806451613 0.918315759475634 0.45426612903225805 0.017708748931319466
0 0.8774112903225807 0.059982901111427754 0.21258467741935486 0.027420917640353377
0 0.5175443548387096 0.035625534340267884 0.774766129032258 0.022767170133941295
0 0.22136693548387096 0.11777714448560843 0.3133951612903226 0.04218865773724707
0 0.2852056451612903 0.20918780279281846 0.4377540322580646 0.12774009689370192
0 0.7279354838709677 0.20860074095183814 0.4294637096774193 0.12774009689370192
0 0.5049112903225806 0.30821316614420063 0.8755120967741935 0.05742376745511542
0 0.7150846774193549 0.8212197207181533 0.45185080645161285 0.06504132231404959
0 0.2869475806451613 0.918315759475634 0.45426612903225805 0.017708748931319466
0 0.8774112903225807 0.059982901111427754 0.21258467741935486 0.027420917640353377