0 0.5144435483870967 0.03540324878882873 0.7713548387096775 0.022282701624394413
0 0.22039112903225808 0.1169079509831861 0.31993548387096776 0.04340267882587632
0 0.2827943548387097 0.20966657167284128 0.44078225806451615 0.12670846394984325
0 0.7265443548387096 0.21036477628954117 0.4249314516129032 0.12811057281276717
0 0.5026895161290322 0.30872328298660584 0.8766088709677419 0.06160444571102878
0 0.7151532258064516 0.8201111427757196 0.4536572580645161 0.06510401823881447
0 0.8813548387096775 0.05975776574522656 0.21489112903225804 0.025574237674551154
0 0.288883064516129 0.9200484468509547 0.4527983870967742 0.017281276717013395
0 0.5144435483870967 0.03540324878882873 0.7713548387096775 0.022282701624394413
0 0.22039112903225808 0.1169079509831861 0.31993548387096776 0.04340267882587632
0 0.2827943548387097 0.20966657167284128 0.44078225806451615 0.12670846394984325
0 0.7265443548387096 0.21036477628954117 0.4249314516129032 0.12811057281276717
0 0.5026895161290322 0.30872328298660584 0.8766088709677419 0.06160444571102878
0 0.7151532258064516 0.8201111427757196 0.4536572580645161 0.06510401823881447
0 0.8813548387096775 0.05975776574522656 0.21489112903225804 0.025574237674551154
0 0.288883064516129 0.9200484468509547 0.4527983870967742 0.017281276717013395