0 0.5161854838709677 0.03120547164434312 0.7739798387096775 0.035029923055001425
0 0.2237661290322581 0.11933029353092049 0.31937499999999996 0.04025648332858364
0 0.2853024193548387 0.2102650327728698 0.4363427419354839 0.12867483613565117
0 0.7246975806451613 0.20738956967797093 0.4221048387096774 0.12436021658592192
0 0.5044919354838711 0.32779709318894273 0.8726854838709678 0.09776289541179824
0 0.7170685483870968 0.8209290396124251 0.45566935483870963 0.0646964947278427
0 0.29170161290322577 0.9173952693074949 0.46298790322580646 0.023080649757765744
0 0.8766048387096774 0.059948703334283274 0.20775403225806452 0.025879167854089485
0 0.5161854838709677 0.03120547164434312 0.7739798387096775 0.035029923055001425
0 0.2237661290322581 0.11933029353092049 0.31937499999999996 0.04025648332858364
0 0.2853024193548387 0.2102650327728698 0.4363427419354839 0.12867483613565117
0 0.7246975806451613 0.20738956967797093 0.4221048387096774 0.12436021658592192
0 0.5044919354838711 0.32779709318894273 0.8726854838709678 0.09776289541179824
0 0.7170685483870968 0.8209290396124251 0.45566935483870963 0.0646964947278427
0 0.29170161290322577 0.9173952693074949 0.46298790322580646 0.023080649757765744
0 0.8766048387096774 0.059948703334283274 0.20775403225806452 0.025879167854089485