0 0.5355201612903225 0.02873183243089199 0.812366935483871 0.03624109432886862
0 0.2207983870967742 0.11803362781419208 0.3215040322580645 0.04509261897976631
0 0.2846008064516129 0.20865773724707892 0.43659677419354836 0.1255485893416928
0 0.7261975806451613 0.2090994585351952 0.42658870967741935 0.12996865203761757
0 0.504149193548387 0.3098917070390425 0.8756935483870967 0.061005984611000284
0 0.7168145161290322 0.8218096323738957 0.4553588709677419 0.0663094898831576
0 0.29073790322580645 0.9112510686805357 0.4811370967741936 0.03287261328013679
0 0.8790322580645161 0.05984611000284981 0.22983870967741934 0.03134796238244514
0 0.5355201612903225 0.02873183243089199 0.812366935483871 0.03624109432886862
0 0.2207983870967742 0.11803362781419208 0.3215040322580645 0.04509261897976631
0 0.2846008064516129 0.20865773724707892 0.43659677419354836 0.1255485893416928
0 0.7261975806451613 0.2090994585351952 0.42658870967741935 0.12996865203761757
0 0.504149193548387 0.3098917070390425 0.8756935483870967 0.061005984611000284
0 0.7168145161290322 0.8218096323738957 0.4553588709677419 0.0663094898831576
0 0.29073790322580645 0.9112510686805357 0.4811370967741936 0.03287261328013679
0 0.8790322580645161 0.05984611000284981 0.22983870967741934 0.03134796238244514