0 0.5166693548387097 0.031245369051011683 0.7741612903225806 0.039663721858079225
0 0.21933870967741936 0.1196409233399829 0.31944354838709677 0.04213166144200627
0 0.2862620967741935 0.20827871188372757 0.43529838709677415 0.12401538899971502
0 0.72775 0.20907381020233684 0.4274274193548387 0.12560273582217157
0 0.5039153225806452 0.30844400113992587 0.872850806451613 0.057238529495582786
0 0.7142540322580645 0.8215930464519806 0.44992338709677415 0.061211171273867195
0 0.2887943548387097 0.9154659447135935 0.48042741935483874 0.023935594186377883
0 0.8810604838709678 0.05980051296665717 0.2173548387096774 0.025237959532630378
0 0.5166693548387097 0.031245369051011683 0.7741612903225806 0.039663721858079225
0 0.21933870967741936 0.1196409233399829 0.31944354838709677 0.04213166144200627
0 0.2862620967741935 0.20827871188372757 0.43529838709677415 0.12401538899971502
0 0.72775 0.20907381020233684 0.4274274193548387 0.12560273582217157
0 0.5039153225806452 0.30844400113992587 0.872850806451613 0.057238529495582786
0 0.7142540322580645 0.8215930464519806 0.44992338709677415 0.061211171273867195
0 0.2887943548387097 0.9154659447135935 0.48042741935483874 0.023935594186377883
0 0.8810604838709678 0.05980051296665717 0.2173548387096774 0.025237959532630378