0 0.5181612903225806 0.03534910230834996 0.7730766129032258 0.022345397549159304
0 0.21898387096774194 0.11689940153889997 0.31682661290322583 0.04445426047306925
0 0.2836290322580645 0.2090994585351952 0.4344717741935484 0.12512966657167285
0 0.7268346774193548 0.20827586206896553 0.42631451612903226 0.12348532345397549
0 0.510766129032258 0.3095326303790254 0.8887419354838709 0.057626104303220294
0 0.7180967741935484 0.8207552009119408 0.45543548387096777 0.0658592191507552
0 0.2839758064516129 0.9191479053861499 0.4493709677419355 0.018746081504702194
0 0.879233870967742 0.060376175548589345 0.20752016129032258 0.025913365631233972
0 0.5181612903225806 0.03534910230834996 0.7730766129032258 0.022345397549159304
0 0.21898387096774194 0.11689940153889997 0.31682661290322583 0.04445426047306925
0 0.2836290322580645 0.2090994585351952 0.4344717741935484 0.12512966657167285
0 0.7268346774193548 0.20827586206896553 0.42631451612903226 0.12348532345397549
0 0.510766129032258 0.3095326303790254 0.8887419354838709 0.057626104303220294
0 0.7180967741935484 0.8207552009119408 0.45543548387096777 0.0658592191507552
0 0.2839758064516129 0.9191479053861499 0.4493709677419355 0.018746081504702194
0 0.879233870967742 0.060376175548589345 0.20752016129032258 0.025913365631233972