0 0.5217096774193548 0.03425762325448846 0.7836935483870967 0.026021658592191507
0 0.2194798387096774 0.11718723282986605 0.32725806451612904 0.04564263322884012
0 0.2866774193548387 0.21001139925904816 0.4389596774193548 0.13013964092334
0 0.726508064516129 0.20877742946708464 0.43023387096774196 0.1313736107153035
0 0.5044112903225807 0.307460815047022 0.8761733870967742 0.05859219150755201
0 0.7164758064516129 0.8218495297805642 0.45554032258064514 0.06599601025933315
0 0.28931451612903225 0.9183528070675406 0.4657258064516129 0.021373610715303505
0 0.8726895161290322 0.06015958962667427 0.21484274193548386 0.026523225990310626
0 0.5217096774193548 0.03425762325448846 0.7836935483870967 0.026021658592191507
0 0.2194798387096774 0.11718723282986605 0.32725806451612904 0.04564263322884012
0 0.2866774193548387 0.21001139925904816 0.4389596774193548 0.13013964092334
0 0.726508064516129 0.20877742946708464 0.43023387096774196 0.1313736107153035
0 0.5044112903225807 0.307460815047022 0.8761733870967742 0.05859219150755201
0 0.7164758064516129 0.8218495297805642 0.45554032258064514 0.06599601025933315
0 0.28931451612903225 0.9183528070675406 0.4657258064516129 0.021373610715303505
0 0.8726895161290322 0.06015958962667427 0.21484274193548386 0.026523225990310626