0 0.526475806451613 0.03205756625819322 0.7891653225806452 0.0292533485323454
0 0.21982258064516128 0.11898261612995155 0.32168951612903224 0.0454716443431177
0 0.2863064516129032 0.2087888287261328 0.4375 0.1265631233969792
0 0.7275564516129032 0.20765175263607866 0.4235604838709678 0.12428897121687091
0 0.5061290322580645 0.31413223140495866 0.8814354838709677 0.06896551724137931
0 0.7168346774193548 0.8226531775434597 0.4514395161290322 0.0629011114277572
0 0.2901370967741935 0.9140923339982902 0.47331048387096775 0.026340837845540043
0 0.8747701612903225 0.060156739811912226 0.2060725806451613 0.025750926189797664
0 0.526475806451613 0.03205756625819322 0.7891653225806452 0.0292533485323454
0 0.21982258064516128 0.11898261612995155 0.32168951612903224 0.0454716443431177
0 0.2863064516129032 0.2087888287261328 0.4375 0.1265631233969792
0 0.7275564516129032 0.20765175263607866 0.4235604838709678 0.12428897121687091
0 0.5061290322580645 0.31413223140495866 0.8814354838709677 0.06896551724137931
0 0.7168346774193548 0.8226531775434597 0.4514395161290322 0.0629011114277572
0 0.2901370967741935 0.9140923339982902 0.47331048387096775 0.026340837845540043
0 0.8747701612903225 0.060156739811912226 0.2060725806451613 0.025750926189797664