0 0.5311733870967742 0.029920205186662864 0.7985040322580645 0.03675406098603591
0 0.21778225806451615 0.11574237674551154 0.32184274193548384 0.04500997435166714
0 0.28658870967741934 0.20777144485608437 0.43897983870967744 0.1261897976631519
0 0.7278427419354838 0.20897691650042746 0.429883064516129 0.12860074095183813
0 0.5117620967741936 0.30944713593616413 0.8870564516129033 0.06108577942433742
0 0.7164677419354838 0.8234482758620689 0.452625 0.06510401823881447
0 0.2879959677419355 0.9117013394129381 0.49233870967741933 0.03215730977486463
0 0.876008064516129 0.06127101738387005 0.2318548387096774 0.028498147620404674
0 0.5311733870967742 0.029920205186662864 0.7985040322580645 0.03675406098603591
0 0.21778225806451615 0.11574237674551154 0.32184274193548384 0.04500997435166714
0 0.28658870967741934 0.20777144485608437 0.43897983870967744 0.1261897976631519
0 0.7278427419354838 0.20897691650042746 0.429883064516129 0.12860074095183813
0 0.5117620967741936 0.30944713593616413 0.8870564516129033 0.06108577942433742
0 0.7164677419354838 0.8234482758620689 0.452625 0.06510401823881447
0 0.2879959677419355 0.9117013394129381 0.49233870967741933 0.03215730977486463
0 0.876008064516129 0.06127101738387005 0.2318548387096774 0.028498147620404674