0 0.5196693548387097 0.02976916500427472 0.7767782258064516 0.034958677685950415
0 0.22066532258064517 0.11893986890852094 0.3268064516129032 0.04639213451125677
0 0.2856088709677419 0.20876318039327443 0.43714112903225805 0.12930464519806212
0 0.7276370967741935 0.20777714448560844 0.4245725806451613 0.12338273012254203
0 0.5111612903225806 0.30993730407523506 0.8854556451612903 0.05922485038472499
0 0.715766129032258 0.8222257053291536 0.4483145161290322 0.06514676546024509
0 0.2898225806451613 0.9147221430607011 0.46910887096774195 0.026799658022228556
0 0.870157258064516 0.060082644628099174 0.22343548387096773 0.02705329153605016
0 0.5196693548387097 0.02976916500427472 0.7767782258064516 0.034958677685950415
0 0.22066532258064517 0.11893986890852094 0.3268064516129032 0.04639213451125677
0 0.2856088709677419 0.20876318039327443 0.43714112903225805 0.12930464519806212
0 0.7276370967741935 0.20777714448560844 0.4245725806451613 0.12338273012254203
0 0.5111612903225806 0.30993730407523506 0.8854556451612903 0.05922485038472499
0 0.715766129032258 0.8222257053291536 0.4483145161290322 0.06514676546024509
0 0.2898225806451613 0.9147221430607011 0.46910887096774195 0.026799658022228556
0 0.870157258064516 0.060082644628099174 0.22343548387096773 0.02705329153605016