0 0.5308064516129033 0.02835280706754061 0.8036129032258065 0.03793388429752066
0 0.22125403225806453 0.11810487318324309 0.32218951612903224 0.04913080649757766
0 0.28542338709677423 0.20644913080649757 0.43983467741935484 0.12188657737247079
0 0.7265967741935484 0.21022798518096325 0.4237943548387097 0.12755485893416926
0 0.5080161290322581 0.31416357936734113 0.8796733870967742 0.06897406668566543
0 0.7145645161290323 0.8206013109147905 0.45320564516129036 0.06330578512396694
0 0.28643548387096773 0.9137817041892277 0.46839919354838716 0.02964377315474494
0 0.8752016129032258 0.06091479053861499 0.21293951612903228 0.026873753206041608
0 0.5308064516129033 0.02835280706754061 0.8036129032258065 0.03793388429752066
0 0.22125403225806453 0.11810487318324309 0.32218951612903224 0.04913080649757766
0 0.28542338709677423 0.20644913080649757 0.43983467741935484 0.12188657737247079
0 0.7265967741935484 0.21022798518096325 0.4237943548387097 0.12755485893416926
0 0.5080161290322581 0.31416357936734113 0.8796733870967742 0.06897406668566543
0 0.7145645161290323 0.8206013109147905 0.45320564516129036 0.06330578512396694
0 0.28643548387096773 0.9137817041892277 0.46839919354838716 0.02964377315474494
0 0.8752016129032258 0.06091479053861499 0.21293951612903228 0.026873753206041608