0 0.5179233870967742 0.034471359361641495 0.7766653225806452 0.024727842690225134
0 0.2100241935483871 0.11764320319179253 0.2949274193548387 0.047372470789398685
0 0.2865483870967742 0.2100199487033343 0.44127016129032254 0.13106583072100314
0 0.7278185483870968 0.20883442576232544 0.4323346774193549 0.12869478483898547
0 0.5049475806451613 0.31581932174408667 0.8780766129032258 0.07579652322599031
0 0.7138548387096774 0.8223111997720147 0.4535604838709677 0.06395269307495012
0 0.28383870967741937 0.911196922200057 0.48462096774193547 0.03154459960102593
0 0.8772096774193548 0.06045312054716443 0.20659677419354838 0.02433456825306355
0 0.5179233870967742 0.034471359361641495 0.7766653225806452 0.024727842690225134
0 0.2100241935483871 0.11764320319179253 0.2949274193548387 0.047372470789398685
0 0.2865483870967742 0.2100199487033343 0.44127016129032254 0.13106583072100314
0 0.7278185483870968 0.20883442576232544 0.4323346774193549 0.12869478483898547
0 0.5049475806451613 0.31581932174408667 0.8780766129032258 0.07579652322599031
0 0.7138548387096774 0.8223111997720147 0.4535604838709677 0.06395269307495012
0 0.28383870967741937 0.911196922200057 0.48462096774193547 0.03154459960102593
0 0.8772096774193548 0.06045312054716443 0.20659677419354838 0.02433456825306355