0 0.5175161290322581 0.0359789113707609 0.7734516129032258 0.023243089199202052
0 0.2205806451612903 0.11994870333428327 0.31452016129032256 0.04328298660587062
0 0.2854556451612903 0.2087175833570818 0.4359677419354839 0.12544884582502136
0 0.7276532258064515 0.2098176118552294 0.42974193548387096 0.12765175263607867
0 0.5034395161290323 0.30812197207181535 0.8740120967741937 0.05868908520946139
0 0.7162338709677419 0.8220262182958107 0.4505 0.062356796808207465
0 0.284375 0.9188144770589911 0.45365322580645157 0.019544029638073526
0 0.8789072580645162 0.06153605015673981 0.2137459677419355 0.027993730407523513
0 0.5175161290322581 0.0359789113707609 0.7734516129032258 0.023243089199202052
0 0.2205806451612903 0.11994870333428327 0.31452016129032256 0.04328298660587062
0 0.2854556451612903 0.2087175833570818 0.4359677419354839 0.12544884582502136
0 0.7276532258064515 0.2098176118552294 0.42974193548387096 0.12765175263607867
0 0.5034395161290323 0.30812197207181535 0.8740120967741937 0.05868908520946139
0 0.7162338709677419 0.8220262182958107 0.4505 0.062356796808207465
0 0.284375 0.9188144770589911 0.45365322580645157 0.019544029638073526
0 0.8789072580645162 0.06153605015673981 0.2137459677419355 0.027993730407523513