0 0.5184193548387097 0.031014534055286407 0.7831572580645161 0.03205756625819322
0 0.22048790322580644 0.11805357651752636 0.309258064516129 0.04317469364491308
0 0.28491935483870967 0.21013679110857794 0.4362056451612903 0.12749786263892846
0 0.7268508064516128 0.20946138500997435 0.4266612903225806 0.12614990025648334
0 0.5034959677419355 0.31334853234539756 0.8733669354838709 0.0681333713308635
0 0.7149193548387097 0.8216557423767455 0.4524314516129032 0.0620632658877173
0 0.28623387096774194 0.9089170703904246 0.47787500000000005 0.037352522086064405
0 0.8735725806451613 0.060823596466229694 0.21043548387096775 0.02783699059561129
0 0.5184193548387097 0.031014534055286407 0.7831572580645161 0.03205756625819322
0 0.22048790322580644 0.11805357651752636 0.309258064516129 0.04317469364491308
0 0.28491935483870967 0.21013679110857794 0.4362056451612903 0.12749786263892846
0 0.7268508064516128 0.20946138500997435 0.4266612903225806 0.12614990025648334
0 0.5034959677419355 0.31334853234539756 0.8733669354838709 0.0681333713308635
0 0.7149193548387097 0.8216557423767455 0.4524314516129032 0.0620632658877173
0 0.28623387096774194 0.9089170703904246 0.47787500000000005 0.037352522086064405
0 0.8735725806451613 0.060823596466229694 0.21043548387096775 0.02783699059561129