0 0.5216572580645161 0.03138785978911371 0.7814072580645162 0.03206611570247934
0 0.22512903225806455 0.11933314334568253 0.329508064516129 0.04773439726417783
0 0.2875524193548387 0.20901396409233397 0.4338870967741935 0.12584212026218294
0 0.7270645161290322 0.2097378170418923 0.4246733870967742 0.12728982616129952
0 0.5044919354838711 0.3077343972641778 0.8739112903225807 0.05713593616414933
0 0.7152983870967742 0.8215901966372186 0.4502580645161291 0.0621972071815332
0 0.2943346774193549 0.9104816186947848 0.4930362903225807 0.03404103733257338
0 0.8780766129032258 0.060934739241949275 0.20233870967741935 0.026531775434596748
0 0.5216572580645161 0.03138785978911371 0.7814072580645162 0.03206611570247934
0 0.22512903225806455 0.11933314334568253 0.329508064516129 0.04773439726417783
0 0.2875524193548387 0.20901396409233397 0.4338870967741935 0.12584212026218294
0 0.7270645161290322 0.2097378170418923 0.4246733870967742 0.12728982616129952
0 0.5044919354838711 0.3077343972641778 0.8739112903225807 0.05713593616414933
0 0.7152983870967742 0.8215901966372186 0.4502580645161291 0.0621972071815332
0 0.2943346774193549 0.9104816186947848 0.4930362903225807 0.03404103733257338
0 0.8780766129032258 0.060934739241949275 0.20233870967741935 0.026531775434596748