0 0.5198790322580645 0.02921345112567683 0.7878467741935483 0.03783414078084924
0 0.22388306451612905 0.1187603305785124 0.3243104838709677 0.04500997435166714
0 0.28658870967741934 0.20982046166999144 0.436008064516129 0.1274152180108293
0 0.7274959677419355 0.20912795668281564 0.43012903225806454 0.12603020803647763
0 0.5036129032258064 0.3081504702194357 0.8739758064516129 0.05816756910800799
0 0.7181895161290323 0.8219663721858079 0.454625 0.06509261897976631
0 0.29228629032258063 0.9145654032487889 0.4867540322580646 0.023676261043032203
0 0.8752903225806451 0.0615844970076945 0.21589516129032257 0.02941293815901966
0 0.5198790322580645 0.02921345112567683 0.7878467741935483 0.03783414078084924
0 0.22388306451612905 0.1187603305785124 0.3243104838709677 0.04500997435166714
0 0.28658870967741934 0.20982046166999144 0.436008064516129 0.1274152180108293
0 0.7274959677419355 0.20912795668281564 0.43012903225806454 0.12603020803647763
0 0.5036129032258064 0.3081504702194357 0.8739758064516129 0.05816756910800799
0 0.7181895161290323 0.8219663721858079 0.454625 0.06509261897976631
0 0.29228629032258063 0.9145654032487889 0.4867540322580646 0.023676261043032203
0 0.8752903225806451 0.0615844970076945 0.21589516129032257 0.02941293815901966