0 0.4993489583333333 0.3730392156862745 0.88671875 0.1480392156862745
0 0.2613932291666667 0.6188725490196079 0.3990885416666667 0.031862745098039214
0 0.2451171875 0.6656862745098039 0.3795572916666667 0.03333333333333333
0 0.4860026041666667 0.7174019607843137 0.349609375 0.059313725490196076
0 0.3193359375 0.7757352941176471 0.537109375 0.035784313725490194
0 0.1796875 0.8776960784313725 0.2591145833333333 0.15441176470588236
0 0.4342447916666667 0.883578431372549 0.18229166666666666 0.15735294117647058
0 0.7535807291666666 0.8865196078431372 0.4342447916666667 0.1681372549019608
0 0.2815755208333333 0.20612745098039215 0.4303385416666667 0.13970588235294118
0 0.681640625 0.21151960784313725 0.3502604166666667 0.1426470588235294
0 0.220703125 0.029166666666666667 0.2565104166666667 0.02107843137254902
0 0.865234375 0.04191176470588235 0.12239583333333333 0.02303921568627451
0 0.5270182291666666 0.08774509803921568 0.5514322916666666 0.09411764705882353
0 0.6171875 0.5786764705882353 0.6861979166666666 0.033823529411764704